1.0000488	0.032166043
2.3085552	0.032271085
3.6457128	0.032073593
5.0008536	0.032416804
6.3797688	0.034208198
7.7855064	0.037168233
9.2073984	0.040245334
10.6551984	0.039238395
12.1209816	0.04372879
13.6020048	0.044701136
15.0869904	0.042890721
16.568928	0.039066919
18.0234336	0.040256198
19.4273424	0.048457151
20.7806544	0.054520737
22.0861128	0.062273933
23.3345736	0.0681903
24.5351808	0.069385837
25.7016504	0.076888678
26.8440408	0.08948396
27.9666192	0.099573277
29.0806632	0.101936924
30.188916	0.101555126
31.2971688	0.102152751
32.403288	0.101219878
33.5151984	0.092786558
34.6329	0.075437214
35.7554784	0.032646472
36.89604	0.013312558
38.0518416	0.045183164
39.2161776	0.056212454
40.3969728	0.061746526
41.59758	0.075871604
42.8097696	0.085013472
44.031408	0.087819264
45.2512176	0.086122586
46.4719416	0.081462976
47.71644	0.070643812
48.9895896	0.055470191
50.3017536	0.027958209
51.6596376	0.002980682
53.051964	0.018287848
54.4577016	0.029420087
55.8862992	0.038646311
57.3197736	0.049976235
58.7434944	0.059069531
60.1501464	0.064673853
61.537596	0.066557927
62.9052336	0.061210842
64.2603744	0.048783547
65.6069808	0.033448264
66.950844	0.018217678
68.2715424	0.000538066
69.544692	0.022682327
70.7797416	0.044184611
71.99376	0.055277664
73.1800416	0.064031381
74.3331	0.067783147
75.4575072	0.073982769
76.5541776	0.076135707
77.6252448	0.079306725
78.6676608	0.07357958
79.6805112	0.038990313
80.6656248	0.01638192
81.6153816	0.082745016
82.5404496	0.111154624
83.443572	0.121719963
84.3476088	0.118561719
85.2431112	0.106165741
86.1444048	0.077877893
87.0591096	0.053086306
87.99576	0.033861491
88.9552704	0.006886184
89.9367264	0.019357701
90.9437856	0.034984057
91.9785816	0.034677517
93.0389808	0.031469377
94.1289456	0.027537455
95.240856	0.024565827
96.3841608	0.021795835
97.5484968	0.018008387
98.7387408	0.014066248
99.9603792	0.011504614
101.2143264	0.009257057
102.4990584	0.007748228
103.8151848	0.006105751
105.1627056	0.004602401
106.5312576	0.004019957
107.915964	0.003581781
109.3253592	0.003814921
110.7530424	0.002711091
112.2026712	0.002475861
113.6702832	0.002230074
115.1561832	0.002156935
116.6618952	0.002010455
118.1868096	0.00178997
119.7354984	0.001788719
121.3070472	0.00084353
122.9026752	0
124.5239064	0.001397101
126.1679976	0.00155582
127.8367776	0.001409988
129.5275032	0
131.23926	0
132.9729624	0
134.7142848	0
136.4699328	0.000698904
138.2353344	0
140.0138424	0.00064656
141.7999704	0.002536591
143.5976808	0.00280952
145.40484	0.002731065
147.2226672	0.001723022
149.044152	0.001021006
150.8723424	0.00096761
152.7099816	0.005041427
154.5543264	0.010886671
156.4017192	0.017915556
158.249112	0.019102527
160.099248	0.013750665
161.9530416	0.000536437
163.8135408	0.013043637
165.6874512	0.022306499
167.577516	0.025451019
169.4849544	0.027843606
171.4143384	0.028578745
173.3665824	0.027999487
175.3416864	0.024050434
177.3423936	0.019456311
179.3659608	0.012498485
181.407816	0.00621781
183.42864	0.00060544
185.3875896	0.002071109
187.2672912	0.003987995
189.0668304	0.007014163
190.783464	0.011413126
192.417192	0.015810286
193.971672	0.017065221
195.4566576	0.021684765
196.8681864	0.035059574
198.2062584	0.051209513
199.4821512	0.062011452
200.7141528	0.067550081
201.9205512	0.054816793
203.0992128	0.035838548
204.2531856	0.009517516
205.3812504	0.018904183
206.5016952	0.047742835
207.6193968	0.074850335
208.7474616	0.074869124
209.88528	0.075644192
211.0325472	0.073586181
212.1846912	0.074634088
213.3368352	0.07183482
214.4926368	0.062521961
215.6591064	0.035662854
216.8368536	0.004557729
218.020392	0.04086899
219.180156	0.063629027
220.3207176	0.070324307
221.4375048	0.077868652
222.5265552	0.077152664
223.5726288	0.077981553
224.5863936	0.076622913
225.5696784	0.067947393
226.5194352	0.046849063
227.4484656	0.002237644
228.3695712	0.053327914
229.3126224	0.09311838
230.267256	0.106947873
231.2276808	0.103255489
232.21188	0.095665254
233.2216824	0.09563458
234.2534304	0.089323166
235.3120008	0.072483925
236.4019656	0.035246392
237.5300304	0.005444745
238.693452	0.035688457
239.8788192	0.048418534
241.0833888	0.051375507
242.3041128	0.055209758
243.52758	0.055646125
244.7653728	0.056712876
246.0205392	0.056729547
247.29186	0.060948168
248.576592	0.061207416
249.8726016	0.057384428
251.173488	0.049793439
252.4771176	0.044813483
253.793244	0.039423221
255.120648	0.030917194
256.455672	0.016267633
257.8117272	0.003668657
259.182108	0.003856386
260.5686432	0.009534332
261.969504	0.017927793
263.3694504	0.026882876
264.7407456	0.033856599
266.064492	0.038169717
267.349224	0.042486919
268.5870168	0.045596985
269.780004	0.05180628
270.9263568	0.063489887
272.0260752	0.078124536
273.0873888	0.094085053
274.1182224	0.088434726
275.136864	0.08809989
276.1420944	0.091223131
277.142448	0.108375116
278.1370104	0.113681216
279.1279152	0.118092286
280.1139432	0.11145293
281.0856456	0.108615503
282.0546048	0.08975815
283.0101528	0.063585865
283.9589952	0.023305558
284.9032656	0.017349119
285.8417448	0.06043398
286.7686416	0.079008787
287.679384	0.089709064
288.5700096	0.098258158
289.4530152	0.113504234
290.3427264	0.139633976
291.22116	0.152917264
292.0938024	0.164313111
292.941756	0.170592757
293.7732504	0.17224065
294.5818848	0.177688469
295.3505904	0.179046054
296.0790624	0.185326775
296.7724824	0.177669224
297.4552344	0.141385042
298.1419488	0.084292685
298.8484752	0.015286739
299.5799952	0.035272538
300.339252	0.081982056
301.1268552	0.101536268
301.9354896	0.109474453
302.766984	0.100442074
303.6253008	0.101113813
304.515012	0.096430059
305.4315456	0.090001917
306.380388	0.085554394
307.3578816	0.078803831
308.3621976	0.074893051
309.3951648	0.069940521
310.455564	0.068664111
311.5437	0.065101196
312.6632304	0.059389242
313.8086688	0.052795853
314.9903784	0.043525165
316.2159792	0.031964535
317.4775464	0.020655388
318.7708128	0.011362452
320.0927304	0.006213865
321.4487856	0.002903139
322.8374544	0
324.2468496	0.002097694
325.6763616	0.005292804
327.1278192	0.011354155
328.6039656	0.017390133
330.0984	0.019901005
331.6099032	0.020312157
333.1396944	0.023630535
334.68564	0.0294317
336.2449968	0.033205201
337.8138024	0.033667596
339.3969336	0.031016572
340.993476	0.028913211
342.6070872	0.028462218
344.2341096	0.029744695
345.873324	0.03071171
347.5289976	0.028876312
349.2035688	0.026269206
350.888808	0.022064225
352.5853248	0.012744442
354.2867184	0.00352029
355.9908552	0.003704799
357.717852	0.006470281
359.4573456	0.010318664
361.2111648	0.014523417
362.9783952	0.016839241
364.7666568	0.017507991
366.573816	0.018219095
368.4001776	0.019607121
370.2417792	0.021169577
372.1004496	0.022114941
373.9734456	0.023058227
375.8635104	0.018585906
377.7755208	0.00847633
379.7058192	0.003034943
381.6504432	0.009675168
383.604516	0.011771645
385.5652944	0.01328114
387.536436	0.014105436
389.5133688	0.01228135
391.4951784	0.009424993
393.4855224	0.006468189
395.4816576	0.004712117
397.4872416	0.001710452
399.5053224	0.000527264
401.532852	0.002024063
403.5756216	0.001744577
405.6327168	0.001464289
407.7001752	0.001423154
409.779216	0.000685403
411.8695344	0.000976013
413.9723496	0.00122331
416.0836992	0.002459081
418.2026688	0.003542901
420.3301728	0.004294029
422.4674304	0.004399454
424.6150512	0.004144547
426.77334	0.004057282
428.9401632	0.004180442
431.1048528	0.004788862
433.248816	0.00593986
435.34584	0.008505446
437.3876952	0.011032112
439.3685904	0.012977698
441.2778576	0.011641367
443.1127536	0.008045139
444.8808984	0.006713224
446.571624	0.00929743
448.187064	0.014491662
449.7320952	0.018384999
451.212204	0.021652993
452.6255616	0.01964716
453.9672912	0.009217033
455.2565952	0.008382063
456.5105424	0.028840774
457.745592	0.051081147
458.9547336	0.070851291
460.1593032	0.076768138
461.3562528	0.072411934
462.5559456	0.059937153
463.754724	0.041893937
464.9669136	0.024104681
466.1970864	0.01041854
467.4531672	0.001047929
468.7378992	0.005967084
470.0500632	0.011078454
471.382344	0.014588513
472.724988	0.016997849
474.0917112	0.019620136
475.4745888	0.02033444
476.8745352	0.022113152
478.2878928	0.02293123
479.7192336	0.024275186
481.1649	0.025241307
482.6306832	0.025824438
484.1165832	0.026019826
485.6253432	0.026145692
487.1560488	0.02644218
488.7123576	0.026081467
490.2927456	0.024910708
491.8996512	0.022916654
493.5333792	0.020068017
495.191796	0.015803889
496.8739872	0.007572328
498.5848296	0.000617558
500.3243232	0.00360165
502.0866768	0.003846295
503.8441536	0.004884979
505.5769416	0.006101277
507.2810784	0.006378167
508.936752	0.006098873
510.5226264	0.004922335
512.0332152	0.004744561
513.4743096	0.003370481
514.8571872	0.004977168
516.1836768	0.00886268
517.4501208	0.018017188
518.6775504	0.034730378
519.8745	0.053474808
521.0360928	0.07218252
522.1394688	0.089347492
523.180056	0.111411298
524.1602928	0.125093983
525.1006008	0.141050726
526.0171344	0.147122865
526.9211712	0.163910866
527.8072248	0.181211814
528.6789528	0.17231302
529.5287352	0.18502368
530.3678496	0.159861614
531.2167176	0.175878626
532.0683288	0.155940867
532.9409712	0.152611401
533.8288536	0.119173262
534.7481304	0.076163987
535.6988016	0.001977398
536.685744	0.05607794
537.6985944	0.09026191
538.737048	0.096777083
539.7956184	0.095237595
540.8703432	0.089775343
541.9612224	0.067043483
543.0770952	0.027555495
544.2194856	0.012746274
545.380164	0.043380712
546.5502912	0.060961758
547.7310864	0.065474064
548.9289504	0.073909437
550.1362632	0.071243619
551.3560728	0.078145005
552.5786256	0.07865081
553.8030072	0.0820292
555.0313512	0.080507457
556.2596952	0.079389244
557.489868	0.077411163
558.7285752	0.074072968
559.977036	0.070835994
561.2300688	0.068019237
562.5032184	0.066593052
563.7849024	0.062975601
565.0772544	0.057144547
566.3817984	0.048327243
567.7046304	0.038215957
569.0454456	0.025996529
570.4082064	0.013418074
571.7929128	0.003830609
573.1995648	0.005652712
574.6321248	0.011252593
576.0930312	0.014615288
577.5825888	0.013073211
579.0998832	0.009959081
580.6449144	0.005108226
582.2173776	0
583.8157488	0.003931579
585.4397232	0.008456187
587.09052	0.015317285
588.7614336	0.023449143
590.449416	0.028026036
592.151724	0.02943751
593.8549464	0.031446152
595.5612168	0.034881771
597.2635248	0.035139557
598.9658328	0.033398551
600.6748464	0.028696229
602.3829456	0.022105851
604.096836	0.012791248
605.8162128	0.006645318
607.5480864	0.00234797
609.2884944	0.003903271
611.0413992	0.011278666
612.809544	0.016525247
614.5938432	0.01640945
616.3933824	0.014753172
618.1977984	0.014113507
620.0022144	0.013019878
621.8142504	0.013333279
623.6433552	0.016694177
625.4849568	0.022455972
627.3283872	0.025150364
629.1632832	0.022522413
631.0067136	0.018647599
632.8617264	0.01945089
634.7252736	0.02265132
636.602232	0.025092466
638.4922968	0.025560073
640.393944	0.024097953
642.3068688	0.019186759
644.2255848	0.007011031
646.1482632	0.007201932
648.0709416	0.018973166
649.990572	0.024801112
651.9074592	0.02858746
653.8139832	0.0311778
655.704048	0.032660122
657.5645472	0.030218381
659.3842032	0.024501616
661.1742936	0.021271971
662.9442672	0.022031184
664.6999152	0.022857899
666.4653168	0.021960547
668.241996	0.021666864
670.0214184	0.019962275
671.7923064	0.018440594
673.5318	0.014501591
675.2237448	0.002906034
676.860216	0.012740136
678.4366416	0.030906127
679.9673472	0.039296673
681.4636104	0.043072599
682.9360992	0.047223316
684.3924336	0.048370706
685.8353568	0.047740056
687.2886432	0.037063261
688.7544264	0.021284115
690.2107608	0.002167709
691.6375296	0.015489688
693.022236	0.027657705
694.3630512	0.039138691
695.6599752	0.049525102
696.9111792	0.057976637
698.118492	0.059035518
699.285876	0.059087616
700.4139408	0.054166087
701.515488	0.028047599
702.618864	0.012141905
703.7249832	0.052239346
704.8350648	0.072081024
705.9317352	0.081333727
707.0207856	0.084605702
708.105264	0.088398984
709.1830368	0.082181251
710.2559328	0.075919007
711.3212088	0.071116986
712.3560048	0.066533631
713.3459952	0.036738706
714.2920944	0.009168557
715.2144192	0.05469981
716.1080928	0.07367376
716.9941464	0.086783227
717.8704464	0.104916373
718.7278488	0.130632685
719.56422	0.147446852
720.3948	0.154356147
721.2150168	0.147818873
722.0334048	0.110250685
722.8594128	0.075987583
723.7043184	0.043513043
724.5662928	0.003819225
725.4492984	0.05872485
726.3572976	0.09979134
727.2805368	0.104332503
728.2302936	0.103850339
729.2010816	0.092624147
730.1968632	0.085775835
731.2231248	0.073122045
732.2816952	0.062709582
733.3725744	0.039957616
734.4921048	0.003609146
735.6442488	0.027483476
736.8171192	0.044167955
738.0055344	0.044243003
739.207056	0.040981811
740.4296088	0.034910351
741.6771552	0.027910402
742.9493904	0.021820188
744.2463144	0.018790822
745.5660984	0.014974167
746.9127048	0.01192456
748.2803424	0.007049445
749.6668776	0.004370496
751.0707864	0.000947424
752.499384	0.000689919
753.9413928	0.00196377
755.4080904	0.001564829
756.8918568	0.000801996
758.3948256	0.000893966
759.9246168	0.001110219
761.4754392	0.001937156
763.0491216	0.002365655
764.645664	0.002433265
766.2668952	0.001351121
767.9091576	0
769.57428	0.00052013
771.2662248	0.000624745
772.978896	0.000827401
774.7107696	0
776.4636744	0.001084459
778.2278568	0.000884047
780.0130704	0.001907222
781.8156576	0.001993036
783.6258648	0.002581401
785.4491784	0.001546975
787.287732	0.001062391
789.1396968	0.000532906
791.0069016	0.00164781
792.88386	0.002707734
794.7739248	0.004251516
796.6774008	0.005106366
798.5961168	0.00569616
800.5300728	0.006218894
802.4737824	0.00701841
804.4269408	0.007714105
806.3685168	0.009462451
808.2719928	0.011081261
810.1239576	0.013676891
811.911	0.015484205
813.6160512	0.014809578
815.2467312	0.011832056
816.8051736	0.006474009
818.3023512	0.000584022
819.7403976	0.005849503
821.1004152	0.014231294
822.3802704	0.02193368
823.5857544	0.035213858
824.718696	0.052119843
825.7964688	0.067636421
826.849248	0.080548965
827.8907496	0.084747756
828.9130488	0.090192432
829.9258992	0.082628315
830.9271672	0.075072992
831.9171576	0.051050149
832.899528	0
833.8721448	0.056535988
834.8523816	0.093232165
835.8326184	0.104782342
836.8015776	0.106544991
837.7629168	0.103916125
838.7108448	0.097501854
839.6551152	0.071549699
840.5993856	0.02094269
841.5491424	0.033333739
842.5141392	0.072749122
843.4907184	0.083765412
844.4578488	0.08490347
845.4173592	0.079560586
846.397596	0.074765049
847.3952064	0.076644393
848.4117144	0.066270222
849.4550448	0.026217984
850.515444	0.020858408
851.5874256	0.069773929
852.6630648	0.090170122
853.7216352	0.106812081
854.7591744	0.114486509
855.7738536	0.124543138
856.763844	0.130768062
857.727012	0.128715913
858.6807312	0.111320572
859.6362792	0.079765624
860.608896	0.049443003
861.610164	0.013457316
862.6400832	0.017874074
863.6968248	0.044417907
864.787704	0.057361352
865.9035768	0.06155191
867.0593784	0.06167456
868.2496224	0.062923665
869.466384	0.06162822
870.717588	0.060900651
872.0050632	0.056486345
873.3306384	0.052783961
874.6772448	0.050066992
876.0543312	0.045926982
877.4618976	0.044590564
878.892324	0.038584045
880.3532304	0.027027489
881.8391304	0.00556516
883.3497192	0.01351703
884.8773768	0.027873175
886.414788	0.034570819
887.9576856	0.042948552
889.5027168	0.048656936
891.0437856	0.053705024
892.5848544	0.052493438
894.1259232	0.05044652
895.674612	0.045866628
897.2348832	0.042118748
898.8103944	0.039362679
900.3953544	0.037687844
901.9937256	0.036647192
903.6036792	0.03335102
905.2267392	0.025248689
906.8613816	0.014702068
908.518884	0.001993468
910.172424	0.019290094
911.810724	0.035045718
913.4435376	0.041986689
915.07818	0.04271204
916.7262336	0.041203641
918.3931848	0.039513909
920.0811672	0.03881181
921.7938384	0.037394881
923.525712	0.034982938
925.2709968	0.028896658
927.0391416	0.01623712
928.8301464	0.001964962
930.6421824	0.011075612
932.4618384	0.018882097
934.2757032	0.024671494
936.0685368	0.02982419
937.8443016	0.03032648
939.6048264	0.029876063
941.3098776	0.027327352
942.9503112	0.026635166
944.52186	0.02468876
946.0172088	0.021974226
947.4552552	0.019565027
948.8189304	0.015320217
950.1100632	0.014715586
951.332616	0.013631204
952.5036576	0.01248151
953.615568	0.00193127
954.6759672	0.020136747
955.6888176	0.045819866
956.6614344	0.053806312
957.6151536	0.058843869
958.559424	0.068649744
959.4939408	0.077842786
960.4208376	0.085706371
961.3382856	0.086840654
962.2499424	0.095248654
963.155808	0.106083354
964.073256	0.112284469
964.9925328	0.112430688
965.9136384	0.095902949
966.8387064	0.06762945
967.7543256	0.015642041
968.6525712	0.032476168
969.5453304	0.070912547
970.4188872	0.08474119
971.2753752	0.099035254
972.1090032	0.101725161
972.9176376	0.097597569
973.703412	0.08607062
974.4891864	0.070871188
975.2999544	0.058081327
976.13724	0.050195681
976.9992144	0.041177267
977.88984	0.032914053
978.8033256	0.023335063
979.739976	0.019086635
980.7013152	0.016064515
981.6913056	0.016632565
982.711776	0.022035771
983.7627264	0.026029735
984.834708	0.028653624
985.9313784	0.025988497
987.0530424	0.023636834
988.201224	0.019662703
989.3664744	0.016317797
990.560376	0.014554988
991.7695176	0.013951463
992.9996904	0.013650828
994.2585144	0.01911154
995.5307496	0.027176143
996.7895736	0.038876656
998.0045064	0.045493925
999.1621368	0.050061644
1000.258807	0.048732824
1001.305795	0.046275493
1002.316817	0.038910314
1003.287605	0.017234198
1004.218464	0.019927235
1005.126463	0.065265669
1006.019222	0.096447067
1006.908019	0.112945466
1007.794987	0.11504453
1008.699024	0.112457664
1009.608852	0.112704909
1010.535749	0.11167296
1011.481848	0.110970401
1012.446845	0.104518633
1013.434702	0.083904657
1014.45121	0.047027018
1015.496369	0.000539426
1016.570179	0.038362974
1017.649781	0.062477908
1018.729382	0.077783729
1019.803193	0.088325209
1020.858106	0.10022116
1021.880405	0.109760125
1022.872224	0.110387938
1023.852461	0.104692064
1024.825078	0.087011083
1025.801657	0.059054646
1026.797438	0.02446325
1027.817909	0.010504537
1028.86703	0.038979195
1029.948461	0.056404771
1031.058542	0.064282297
1032.197275	0.063005836
1033.375937	0.061852457
1034.579592	0.055767196
1035.815556	0.043172922
1037.093582	0.0178024
1038.42312	0.006427978
1039.798378	0.020452966
1041.184913	0.025862098
1042.554379	0.031889968
1043.891537	0.043863842
1045.188461	0.05328807
1046.443627	0.062764767
1047.656731	0.071506035
1048.827773	0.0779445
1049.958886	0.077844633
1051.070796	0.077292621
1052.159846	0.080371375
1053.231828	0.081339777
1054.301981	0.08263664
1055.372134	0.084305681
1056.436495	0.083803926
1057.496894	0.087330704
1058.557294	0.086179141
1059.627446	0.085349633
1060.708877	0.074006133
1061.799756	0.06779015
1062.908009	0.063626559
1064.035159	0.063200029
1065.17755	0.056928387
1066.340971	0.045752136
1067.519633	0.037067868
1068.725117	0.029743347
1069.96291	0.029814434
