0.0	-3.7185187767366255e-05
5.0	-3.5866769603290484e-05
10.0	-3.631214842367995e-05
15.0	-3.924024001450323e-05
19.0	-4.513165757550256e-05
24.0	-5.4333522892401256e-05
29.0	-6.70785076539676e-05
34.0	-8.331618883795531e-05
39.0	-0.00010249007070029215
44.0	-0.00012349022570762796
49.0	-0.00014480421324400997
54.0	-0.00016474299309918636
59.0	-0.00018167782655779694
64.0	-0.0001942057416785754
69.0	-0.0002012380341068968
74.0	-0.00020214919337990773
79.0	-0.00019699340393269037
84.0	-0.00018657691912647302
90.0	-0.0001722282849958441
95.0	-0.00015539280401206086
100.0	-0.00013730598515691267
105.0	-0.00011886902556583446
110.0	-0.00010068230521467752
115.0	-8.310715152192073e-05
121.0	-6.630356208681683e-05
126.0	-5.028521894627813e-05
131.0	-3.496653213758711e-05
136.0	-2.0157352216916552e-05
142.0	-5.549858027250087e-06
147.0	9.214714915566242e-06
152.0	2.4391157335272436e-05
158.0	3.99967800278434e-05
163.0	5.5716528516711854e-05
168.0	7.068095900127334e-05
173.0	8.297674693387039e-05
177.0	8.889545537504888e-05
182.0	8.201793849829969e-05
186.0	5.229584556711325e-05
190.0	-1.4553186075385453e-05
194.0	-0.00013692844658594818
198.0	-0.00033644268255638007
201.0	-0.0006366800938325396
205.0	-0.0010622178150009464
208.0	-0.001638489436150711
211.0	-0.0023925654412972758
214.0	-0.0033537998747640244
216.0	-0.004552997868103879
219.0	-0.006019623083063212
221.0	-0.007777318646511165
224.0	-0.00983761777502714
226.0	-0.012190206976647184
228.0	-0.014788335716096649
230.0	-0.017535095541519025
231.0	-0.02028643244822718
233.0	-0.02288256231580441
234.0	-0.02519841520139467
236.0	-0.027184530606268166
238.0	-0.028872733269171183
239.0	-0.030349941907871245
241.0	-0.0317257876894255
242.0	-0.03311254178250995
244.0	-0.034614252211700364
245.0	-0.0363126318909544
247.0	-0.03825406153507775
248.0	-0.04044878187520409
250.0	-0.04287557433749202
251.0	-0.04548945337322599
253.0	-0.04824047442262325
254.0	-0.051089411513544805
255.0	-0.0540013473564587
257.0	-0.0569285564004803
258.0	-0.05979972213733487
260.0	-0.06252152470608077
261.0	-0.06499242829105671
262.0	-0.06710797455707139
264.0	-0.06874673582035593
265.0	-0.06976168062956012
266.0	-0.06999036442873079
268.0	-0.06927302954775034
269.0	-0.0674706415333592
270.0	-0.06448654766442088
271.0	-0.06030685912439103
273.0	-0.05505590942296141
274.0	-0.049021197087727515
275.0	-0.04260666447469543
277.0	-0.036235821190810716
278.0	-0.03026492935421377
280.0	-0.024937324040063758
282.0	-0.020374888940556394
283.0	-0.01659486247566202
285.0	-0.013539126611057023
287.0	-0.011106039104178287
289.0	-0.009178447308270365
291.0	-0.0076433916129779785
293.0	-0.006402594653868016
295.0	-0.005376227207559849
297.0	-0.0045035056179177895
300.0	-0.003742247798882072
302.0	-0.00306740752288908
304.0	-0.0024678390932799357
307.0	-0.0019411754009399731
310.0	-0.0014882058374798238
312.0	-0.0011088838821836525
315.0	-0.0008007677701999942
318.0	-0.0005590494844842792
320.0	-0.00037705553831613543
323.0	-0.00024673486990781784
326.0	-0.00015926361660451222
329.0	-0.00010583541471404565
332.0	-7.827360396132198e-05
335.0	-6.907788909504333e-05
338.0	-7.094588191160091e-05
342.0	-7.629317804088207e-05
345.0	-7.722987195935388e-05
348.0	-6.66362827116353e-05
351.0	-4.134312318876219e-05
355.0	-5.306003981813723e-06
358.0	3.224276885911855e-05
362.0	6.352985606886754e-05
365.0	8.761743362248117e-05
369.0	0.00011040884764704678
372.0	0.00014071377817591473
376.0	0.00018598237576541914
380.0	0.00025017701257201
384.0	0.0003337308032611257
387.0	0.00043401851097372155
391.0	0.0005454010411008344
395.0	0.0006593253619134524
399.0	0.0007653096179499035
403.0	0.0008529047833634485
407.0	0.0009138949590591954
411.0	0.0009437603629452181
415.0	0.0009419734470829319
419.0	0.0009113451430056362
423.0	0.0008567829593009397
428.0	0.0007839131403814202
432.0	0.000698031542332254
436.0	0.000603389178445051
440.0	0.0005025832251355404
445.0	0.0003961408470781137
449.0	0.00028252468075144565
454.0	0.0001585844124033581
458.0	2.0331763887730217e-05
462.0	-0.00013615088309591156
467.0	-0.000313826605898311
471.0	-0.0005138017738435381
476.0	-0.0007344342783040771
481.0	-0.0009707576456170592
485.0	-0.0012144885770440502
490.0	-0.001454859030560537
495.0	-0.001680407141751106
499.0	-0.0018811267995556661
504.0	-0.0020502883481723884
509.0	-0.0021860316529850495
514.0	-0.002292130408486177
518.0	-0.0023766049440481617
523.0	-0.0024485692876377815
528.0	-0.002515008976453691
533.0	-0.002578922837745035
538.0	-0.002639378716056634
543.0	-0.002692479879513869
548.0	-0.002732491738382075
553.0	-0.0027535013631440636
558.0	-0.002750931656112893
563.0	-0.002722251744720426
568.0	-0.002667447473384989
573.0	-0.0025891835451162548
578.0	-0.002492330307389664
583.0	-0.0023828347158995626
589.0	-0.002266100372575787
594.0	-0.002145891648080426
599.0	-0.002024212031995787
604.0	-0.0019016142741059812
609.0	-0.001777585342997426
615.0	-0.0016509535051055138
620.0	-0.0015206066981896047
625.0	-0.0013861831165851257
631.0	-0.0012481722740117092
636.0	-0.0011079538647165718
641.0	-0.0009679474031308865
647.0	-0.0008313657624281316
652.0	-0.0007015716861759368
658.0	-0.000581429244409977
663.0	-0.00047299374885787534
668.0	-0.00037751379559036524
674.0	-0.00029552265457172776
679.0	-0.0002269383941160088
685.0	-0.00017116330495996922
690.0	-0.00012720006762814178
696.0	-9.380693366064804e-05
702.0	-6.965752726410797e-05
707.0	-5.343555716782814e-05
713.0	-4.387775540161538e-05
718.0	-3.9836651253740825e-05
724.0	-4.035368824253946e-05
730.0	-4.469441398196595e-05
735.0	-5.2336833238921825e-05
741.0	-6.292166008060057e-05
747.0	-7.617065807332534e-05
752.0	-9.1777416764039e-05
758.0	-0.00010927429137352603
764.0	-0.00012787946451611295
770.0	-0.00014631082536226998
775.0	-0.0001625388704979639
781.0	-0.00017353177704133152
787.0	-0.00017512523979345643
793.0	-0.00016204390294808737
799.0	-0.0001280016788607992
804.0	-6.58955812674379e-05
810.0	3.18099266112641e-05
816.0	0.00017244258153298697
822.0	0.00036217548373983026
828.0	0.0006046195735550578
834.0	0.000898855287337459
840.0	0.0012374523046003569
846.0	0.0016057916038510187
851.0	0.001983670450887404
857.0	0.0023483139208090066
863.0	0.002677157587180221
869.0	0.0029504486003955463
875.0	0.003153284483291547
881.0	0.0032753209564240666
887.0	0.0033087784468084774
893.0	0.0032470184677816654
899.0	0.0030842947492552846
905.0	0.00281638385877891
911.0	0.0024418955766765107
917.0	0.001963888575481313
923.0	0.001391809494403804
929.0	0.0007427564482386261
936.0	3.9953979469451456e-05
942.0	-0.0006906950223952334
948.0	-0.001423247465184942
954.0	-0.002132896988505941
960.0	-0.002796660234888439
966.0	-0.003395425056361501
972.0	-0.003917777081159378
978.0	-0.004362219370835356
984.0	-0.004734820520420066
990.0	-0.005044351020859054
996.0	-0.0052992189937430935
1002.0	-0.005507556692668277
1008.0	-0.005678261103223543
1014.0	-0.005820000717471834
1020.0	-0.005937348271053652
1026.0	-0.006026154648839744
1032.0	-0.006071325500682814
1038.0	-0.006049551766875207
1044.0	-0.00593642711741559
1050.0	-0.005713276463345614
1056.0	-0.005370834527116404
1062.0	-0.004911674171119298
1068.0	-0.004351147076023666
1074.0	-0.0037128650363141063
1080.0	-0.003020442120525901
1086.0	-0.002293192137550932
1092.0	-0.001547256677543261
1098.0	-0.0007971451869224427
1104.0	-5.591797106312971e-05
1110.0	0.0006644105860943291
1116.0	0.0013515293373560628
1122.0	0.0019916452869023684
1128.0	0.002569347064683856
1133.0	0.003067108090703841
1139.0	0.003465086297715022
1145.0	0.0037451096523881747
1151.0	0.0038983609553109263
1157.0	0.003930227713588699
1163.0	0.003857949151195397
1169.0	0.0037043079823566244
1175.0	0.0034927313110407854
1181.0	0.0032448308040848696
1187.0	0.002978712230796101
1193.0	0.002707305304471204
1199.0	0.0024376036272026115
1205.0	0.0021718537277703935
1211.0	0.0019103706229757758
1217.0	0.0016543443817559015
1223.0	0.0014071282245665384
1229.0	0.001173767778675899
1235.0	0.0009596115195834486
1241.0	0.0007690153426074725
1247.0	0.0006045941577689607
1253.0	0.0004669947492326734
1259.0	0.0003550045073123195
1265.0	0.0002658310147180021
1271.0	0.00019545899188088905
1277.0	0.00013900665235339505
1283.0	9.10334150982484e-05
1289.0	4.5794832265181396e-05
1295.0	-2.535987541266013e-06
1301.0	-5.964066780626762e-05
1307.0	-0.00013074722020424797
1313.0	-0.00022018595411898794
1319.0	-0.0003307766356762725
1325.0	-0.0004630243772531483
1331.0	-0.0006143210352302188
1337.0	-0.0007786221976425105
1343.0	-0.0009469766691696865
1349.0	-0.0011088075654973636
1355.0	-0.0012534971925457566
1361.0	-0.0013719660515618386
1368.0	-0.001457915663522432
1374.0	-0.001508495352016116
1380.0	-0.001524758567675431
1386.0	-0.0015120354323882616
1392.0	-0.0014795419690932555
1398.0	-0.001438728985142452
1404.0	-0.0014008775811760817
1410.0	-0.0013749929191993265
1416.0	-0.0013665739252329047
1422.0	-0.0013771857288813847
1428.0	-0.0014045765390699502
1435.0	-0.0014432161827160415
1441.0	-0.0014853379397685715
1447.0	-0.0015225160393738922
1453.0	-0.0015474833942023267
1459.0	-0.001555570611879669
1465.0	-0.0015451759435055085
1471.0	-0.0015171531041194195
1477.0	-0.0014734877484435867
1483.0	-0.0014159708360195864
1490.0	-0.0013456288207346863
1496.0	-0.001263105648518975
1502.0	-0.0011694373392443548
1508.0	-0.0010666007918491015
1514.0	-0.0009577439020797795
1520.0	-0.000847193072046322
1526.0	-0.0007401425594737183
1533.0	-0.0006419676011281235
1539.0	-0.0005574399025527927
1545.0	-0.0004901225608142556
1551.0	-0.0004418990601041332
1557.0	-0.00041256930772041013
1563.0	-0.00039962478952226463
1570.0	-0.00039841581502244103
1576.0	-0.0004028620880079268
1582.0	-0.0004066480322187828
1588.0	-0.00040459845927944845
1594.0	-0.0003936756412422384
1600.0	-0.0003731464387847095
1607.0	-0.0003440685809902622
1613.0	-0.0003085790477621048
1619.0	-0.00026926784759117233
1625.0	-0.00022868116641128666
1631.0	-0.00018897732691077948
1638.0	-0.00015179188571156328
1644.0	-0.00011827454510970823
1650.0	-8.916813397983632e-05
1656.0	-6.483696191850046e-05
1662.0	-4.5269214769529556e-05
1669.0	-3.0130010324594964e-05
1675.0	-1.886452558964688e-05
1681.0	-1.0789554402501544e-05
1687.0	-5.178488128195766e-06
1693.0	-1.3780183607784924e-06
1700.0	1.1007314330008344e-06
1706.0	2.5901282226587113e-06
1712.0	3.3357300024899347e-06
1718.0	3.544180470902835e-06
1725.0	3.3907786638609188e-06
1731.0	3.0166159683972305e-06
1737.0	2.5294967132293273e-06
1743.0	2.0072301583664188e-06
1749.0	1.5022050845378354e-06
1756.0	1.0464376653212017e-06
1762.0	6.565331972554594e-07
1768.0	3.382150484535223e-07
1774.0	9.023471205844891e-08
1781.0	-9.240997989031e-08
1787.0	-2.1594919299000123e-07
1793.0	-2.8596963370401414e-07
1799.0	-3.061436929575615e-07
1806.0	-2.77509647142861e-07
1812.0	-1.9826901998374386e-07
1818.0	-6.408897837175052e-08
1824.0	1.3107610041745518e-07
1831.0	3.93605273088212e-07
1837.0	7.282208634331149e-07
1843.0	1.1353323884558485e-06
1849.0	1.6076754774291215e-06
1856.0	2.1262551340040212e-06
1862.0	2.6556902681901294e-06
1868.0	3.1391858431735104e-06
1874.0	3.493531543641104e-06
1881.0	3.604737541763307e-06
1887.0	3.3251645395655954e-06
1893.0	2.473278403797496e-06
1900.0	8.374653452196222e-07
1906.0	-1.8143241842568812e-06
1912.0	-5.717047248527363e-06
1918.0	-1.1080902788526547e-05
1925.0	-1.805122083456776e-05
1931.0	-2.6653896406551198e-05
1937.0	-3.672515476943157e-05
1943.0	-4.784146418829518e-05
1950.0	-5.931429937175211e-05
1956.0	-7.030096817426687e-05
1962.0	-7.99595418569374e-05
1969.0	-8.754595565870406e-05
1975.0	-9.246108787430433e-05
1981.0	-9.431737617696296e-05
1987.0	-9.301491116380024e-05
1994.0	-8.8737109125856e-05
2000.0	-8.191426774098234e-05
2006.0	-7.32319101187475e-05
2013.0	-6.355542176508168e-05
2019.0	-5.371767134142337e-05
2025.0	-4.433281393483646e-05
2032.0	-3.575286980959979e-05
2038.0	-2.812960199210117e-05
2044.0	-2.150002830642163e-05
2050.0	-1.5847120238822573e-05
2057.0	-1.1104045341413789e-05
2063.0	-7.117869178858884e-06
2069.0	-3.6359906136436647e-06
2076.0	-3.3249857021038667e-07
2082.0	3.1543174643975086e-06
2088.0	7.185906928147518e-06
2095.0	1.2085714418092124e-05
2101.0	1.8096873706321854e-05
2107.0	2.533313965610632e-05
2114.0	3.3721895727681864e-05
2120.0	4.293911902657253e-05
2126.0	5.233673510419007e-05
2132.0	6.0862509419921835e-05
2139.0	6.697121857816694e-05
2145.0	6.852300314878875e-05
2151.0	6.266073838374912e-05
2158.0	4.5654735717385635e-05
2164.0	1.2703853940780957e-05
2170.0	-4.230567084132045e-05
2177.0	-0.00012701043849959473
2183.0	-0.00025043983486414253
2189.0	-0.00042207058555420677
2194.0	-0.0006500882205204171
2200.0	-0.0009397433766082891
2205.0	-0.0012928154634001426
2210.0	-0.0017086485284831523
2215.0	-0.002186495883064363
2220.0	-0.002727818292018836
2224.0	-0.003337348926522286
2228.0	-0.0040233983814543855
2232.0	-0.00479759428249239
2236.0	-0.005673559903602209
2240.0	-0.006665298427215669
2244.0	-0.0077846816360681095
2247.0	-0.009035123739361658
2250.0	-0.010401990131307205
2253.0	-0.011845453238154837
2256.0	-0.013301662488454517
2259.0	-0.01469352522085268
2262.0	-0.015946459360239234
2264.0	-0.017000852278689783
2267.0	-0.017815487942495704
2270.0	-0.01836891445801199
2273.0	-0.018666128608443695
2276.0	-0.01873378300695528
2279.0	-0.018595587906161188
2282.0	-0.018254545916042156
2284.0	-0.017696477466283438
2287.0	-0.016900593391913903
2290.0	-0.015846835674830063
2293.0	-0.01452426824247141
2296.0	-0.012944048575834434
2299.0	-0.011146785759530835
2302.0	-0.009195620672629662
2305.0	-0.0071616414971476736
2308.0	-0.005110119499677206
2311.0	-0.003090655098079907
2314.0	-0.001132821493851536
2317.0	0.0007523329448367988
2320.0	0.0025663877075096137
2324.0	0.004317183245476086
2327.0	0.006014157187076327
2330.0	0.0076603468979195835
2333.0	0.009241556477611643
2336.0	0.010727977905290781
2339.0	0.012088689383595096
2341.0	0.013296033737821253
2344.0	0.014317402045222135
2347.0	0.015115793602946771
2350.0	0.015661740540909817
2353.0	0.01594100913459928
2356.0	0.01595727905942733
2358.0	0.015736717228129166
2361.0	0.015324948517353972
2364.0	0.014771890703814508
2367.0	0.014122090797143686
2370.0	0.013418533692453653
2373.0	0.012705101612390236
2376.0	0.012018748252326116
2379.0	0.011377415904715612
2383.0	0.01077094001458648
2386.0	0.010163183288869249
2389.0	0.009509764701961625
2392.0	0.008779326006713805
2396.0	0.0079631646696481
2399.0	0.0070738274576131995
2403.0	0.006140412978818356
2406.0	0.005202160470430401
2410.0	0.004299360488592334
2413.0	0.0034644524407433323
2417.0	0.002717016963742889
2421.0	0.0020627868886437797
2424.0	0.0014949192816290095
2428.0	0.0009965135392653686
2432.0	0.0005438103722437395
2435.0	0.00010942202757499379
2439.0	-0.0003347774561802743
2443.0	-0.0008148874955864737
2447.0	-0.0013522894179573818
2451.0	-0.001961983025232343
2455.0	-0.0026533616540192913
2459.0	-0.0034333734754196567
2463.0	-0.004308729263012822
2466.0	-0.005283312348973879
2469.0	-0.0063518336480121295
2473.0	-0.007495110878962681
2476.0	-0.008682034713537344
2479.0	-0.00987839223275787
2482.0	-0.011055197566489587
2485.0	-0.012189531555516036
2487.0	-0.013261224344776446
2490.0	-0.014250963003973171
2493.0	-0.015137510285156506
2496.0	-0.01589270323737205
2499.0	-0.01648053704583392
2502.0	-0.01686411709786079
2505.0	-0.01701421762983975
2507.0	-0.016913440508886858
2510.0	-0.016560001983904216
2513.0	-0.015972054023737674
2516.0	-0.015184379312265408
2519.0	-0.01423959658762025
2522.0	-0.013184185702878113
2525.0	-0.012067255641947515
2528.0	-0.010936080099448586
2531.0	-0.009832135235081434
2535.0	-0.008790300160055612
2538.0	-0.00783727697500255
2541.0	-0.006988307595556303
2544.0	-0.006246248413648071
2548.0	-0.005605072023601652
2551.0	-0.005054554822508384
2555.0	-0.004581653793851934
2558.0	-0.004169364600743062
2562.0	-0.0037975699556989095
2565.0	-0.003446469455847408
2569.0	-0.0030999016221203166
2573.0	-0.0027480570696016577
2576.0	-0.0023896612972119907
2580.0	-0.002031620571183213
2584.0	-0.0016854413209589187
2588.0	-0.001362947613031727
2591.0	-0.0010734945413629828
2595.0	-0.0008227309660975751
2599.0	-0.0006124835133806131
2603.0	-0.00044146008981334433
2607.0	-0.00030627935616106355
2611.0	-0.00020243120176803242
2615.0	-0.00012499932325629918
2620.0	-6.912460501880431e-05
2624.0	-3.030563759613599e-05
2628.0	-4.5886231065044735e-06
2632.0	1.134250936815815e-05
2636.0	2.013442453025267e-05
2641.0	2.3824212548001905e-05
2645.0	2.3991289042042167e-05
2649.0	2.1877071172128925e-05
2654.0	1.8430868597606673e-05
2658.0	1.4342929571636141e-05
2663.0	1.0089380507155113e-05
2667.0	5.981791526581571e-06
2671.0	2.2163309271001057e-06
2676.0	-1.0807148926243364e-06
2681.0	-3.8129522187318397e-06
2685.0	-5.880556528972705e-06
2690.0	-7.154429700023422e-06
2694.0	-7.458633988126689e-06
2699.0	-6.562107122422819e-06
2704.0	-4.180943220732918e-06
2708.0	7.225894812683094e-09
2713.0	6.335138331831946e-06
2718.0	1.5102793435025637e-05
2723.0	2.651864232852151e-05
2728.0	4.0625157974870366e-05
2733.0	5.720935497339172e-05
2737.0	7.569823804940893e-05
2742.0	9.503703495965261e-05
2747.0	0.00011354384373297435
2752.0	0.00012870250234216408
2757.0	0.00013684558022054126
2762.0	0.0001327600969706374
2767.0	0.00010923070423427563
2772.0	5.6447469296251006e-05
2777.0	-3.8567281742505294e-05
2782.0	-0.00019208815290770086
2787.0	-0.00042323975562322437
2791.0	-0.0007532840329886077
2795.0	-0.001204789196975077
2800.0	-0.0018003856190985427
2803.0	-0.002560752412983534
2807.0	-0.0035018121785160092
2811.0	-0.004631078490843232
2814.0	-0.005942273739430489
2817.0	-0.0074081858130691765
2820.0	-0.008974574754415125
2823.0	-0.010558545643674056
2826.0	-0.012055336318037761
2829.0	-0.013357834138992034
2832.0	-0.014384425087867693
2834.0	-0.015100334673196394
2837.0	-0.015520842478610105
2840.0	-0.015698105895104935
2843.0	-0.015702357258366967
2846.0	-0.01560591858563821
2848.0	-0.01547246554501907
2851.0	-0.015353579685304162
2854.0	-0.01529285796164281
2857.0	-0.01532754760181656
2859.0	-0.01548104425524648
2862.0	-0.0157570919028042
2865.0	-0.01614241781823503
2867.0	-0.01661237191908231
2870.0	-0.017137127555205103
2873.0	-0.017686541231515644
2875.0	-0.01823306415113317
2878.0	-0.018757780517687696
2880.0	-0.019255934426992017
2883.0	-0.019729630515082135
2886.0	-0.020172235841941857
2888.0	-0.020565511273120087
2891.0	-0.02089317024362236
2893.0	-0.021152920499071626
2896.0	-0.021358702708039523
2898.0	-0.021539013005007327
2901.0	-0.02173073409429186
2903.0	-0.02196567203573481
2906.0	-0.022259846611739458
2909.0	-0.022613177765219292
2911.0	-0.023012640741724395
2914.0	-0.023435039803985886
2916.0	-0.023851740983714904
2918.0	-0.024233262164423078
2921.0	-0.024550778588128708
2923.0	-0.024775848841877408
2926.0	-0.024882286408349684
2928.0	-0.024851562738320693
2931.0	-0.02467925269164251
2933.0	-0.024379439612069103
2936.0	-0.02398307142370222
2938.0	-0.023528596588765018
2941.0	-0.02305077890988905
2943.0	-0.02257463395058462
2946.0	-0.02211374835858078
2948.0	-0.021668218733108008
2951.0	-0.02122199505932401
2954.0	-0.020742642532617473
2956.0	-0.020183376214623523
2959.0	-0.019486339590110535
2962.0	-0.018590399509532264
2964.0	-0.017447257364856174
2967.0	-0.016041297759097066
2970.0	-0.01440081609679994
2972.0	-0.012594292757760363
2975.0	-0.01071839337155013
2978.0	-0.00888358141538082
2981.0	-0.007195206736870215
2984.0	-0.005733367312455351
2987.0	-0.004540428708745822
2990.0	-0.0036192019673752947
2994.0	-0.0029405972111958625
2997.0	-0.0024573138427824584
3000.0	-0.0021171712662113886
3004.0	-0.0018721473512878508
3007.0	-0.0016836182817573152
3010.0	-0.0015246020830197828
3014.0	-0.0013788471675089283
3017.0	-0.0012377270579584656
3021.0	-0.0010967150033463246
3025.0	-0.0009523072159707529
3028.0	-0.0007997402365180337
3032.0	-0.000631962346368856
3036.0	-0.0004397346197113736
3040.0	-0.0002121721848880586
3044.0	6.241655616182446e-05
3047.0	0.00039490400016463427
3051.0	0.000793023465688297
3055.0	0.001259509595724922
3059.0	0.0017918558667154559
3063.0	0.0023837315753554153
3068.0	0.003027281642070083
3072.0	0.00371533557670237
3075.0	0.004441609905502022
3079.0	0.005197176253103504
3083.0	0.005965268707444045
3086.0	0.0067195924396894775
3089.0	0.007429679324753932
3092.0	0.008072361945325655
3096.0	0.008643883609797105
3099.0	0.00916585504029608
3102.0	0.009680814078144
3105.0	0.010237010775320679
3109.0	0.010869621025666085
3112.0	0.01159197192866094
3115.0	0.01239974550075831
3118.0	0.01327537002625295
3121.0	0.014186241823510859
3124.0	0.015086054371120072
3126.0	0.01592467399995053
3129.0	0.016655681906886603
3132.0	0.01723290227155553
3135.0	0.017606252392827544
3138.0	0.017725856706254667
3141.0	0.01755073635393945
3143.0	0.01706171977647699
3146.0	0.016273878632059362
3149.0	0.015233518162282328
3152.0	0.01399889099642105
3155.0	0.012624316870500127
3158.0	0.011162438179461989
3161.0	0.009675395727989582
3164.0	0.008235516051430355
3167.0	0.006912916778170783
3170.0	0.005762555642404005
3173.0	0.004817163074108989
3176.0	0.004084942726057496
3180.0	0.003551960265691276
3183.0	0.003188743251793624
3187.0	0.0029582995868941203
3190.0	0.002822287807392111
3194.0	0.002743839380626588
3197.0	0.0026886728244329763
3201.0	0.0026270914754154395
3204.0	0.0025369345654688547
3208.0	0.0024055966626989763
3212.0	0.002230372578524224
3216.0	0.0020175734830541548
3219.0	0.001780065560727544
3223.0	0.0015331180738556902
3227.0	0.0012903829206883013
3231.0	0.0010617608077078805
3235.0	0.0008528416967302322
3239.0	0.0006649570599541966
3243.0	0.0004956934243004807
3247.0	0.00033988953337198954
3252.0	0.0001907799940347975
3256.0	4.1062995298032875e-05
3260.0	-0.00011603946173057077
3264.0	-0.0002857050719284957
3269.0	-0.0004705317746793559
3273.0	-0.0006697883609923412
3277.0	-0.0008791320904728884
3282.0	-0.001091065520399733
3286.0	-0.0012959913013990563
3291.0	-0.0014834003204995325
3295.0	-0.0016431784204410974
3300.0	-0.0017671511219094875
3304.0	-0.0018502292801838576
3309.0	-0.0018906977133950156
3313.0	-0.0018899982554255578
3318.0	-0.0018520342656944636
3323.0	-0.0017820740897799144
3327.0	-0.001685937282095241
3332.0	-0.001569457840934773
3337.0	-0.0014379112799255708
3342.0	-0.0012958165575913257
3347.0	-0.0011472245636306962
3351.0	-0.0009961008662580206
3356.0	-0.0008466029382648743
3361.0	-0.0007030449297967604
3366.0	-0.0005695075162872944
3371.0	-0.0004493741075820767
3376.0	-0.000344924662341512
3381.0	-0.00025706207975353143
3386.0	-0.00018538048169595007
3391.0	-0.00012857158897932843
3396.0	-8.48871120706978e-05
3402.0	-5.242367383278617e-05
3407.0	-2.9229155563924512e-05
3412.0	-1.3371420464893406e-05
3417.0	-3.0556993214312696e-06
3422.0	3.242302216652774e-06
3427.0	6.681016583820174e-06
3433.0	8.002088567678518e-06
3438.0	7.533102361046431e-06
3443.0	5.278100212372022e-06
3449.0	1.0660791398389314e-06
3454.0	-5.332270041571216e-06
3459.0	-1.4158822659103632e-05
3465.0	-2.5665405354026487e-05
3470.0	-4.0064740856751694e-05
3476.0	-5.7372312597867505e-05
3481.0	-7.722698400003367e-05
3487.0	-9.881609661126331e-05
3492.0	-0.00012094417901552422
3498.0	-0.00014224427831149847
3503.0	-0.00016149241272579514
3509.0	-0.00017784997156447373
3514.0	-0.00019077278561146352
3520.0	-0.00019955680599497843
3525.0	-0.00020283656806488424
3531.0	-0.0001982880833189543
3537.0	-0.00018242451343189342
3542.0	-0.00015029662227636863
3548.0	-9.515402457823732e-05
3554.0	-8.233360647358358e-06
3559.0	0.00012128590871312172
3565.0	0.00030611209467943507
3571.0	0.0005600597838554928
3576.0	0.0008961847839365357
3582.0	0.0013242738828062764
3587.0	0.0018489436255696029
3592.0	0.0024691392187351263
3597.0	0.0031785753448709594
3602.0	0.003965425084398824
3606.0	0.004810431029576658
3610.0	0.005685400645156277
3614.0	0.006554505591687067
3619.0	0.007379921511318077
3623.0	0.008131303592300045
3627.0	0.008792801321563109
3631.0	0.0093616733889556
3635.0	0.009840702018976036
3639.0	0.010229255391954932
3642.0	0.010517864752187972
3646.0	0.01069123000557172
3650.0	0.010737533990902168
3653.0	0.010656423054322708
3657.0	0.010461818705254295
3661.0	0.010179806813669902
3664.0	0.009842040122894264
3668.0	0.009477480775609498
3672.0	0.00910800989527097
3676.0	0.008748998685189503
3680.0	0.008410394022295875
3683.0	0.008097475402685097
3687.0	0.007814108633204702
3691.0	0.0075662003185582435
3695.0	0.007361235432920125
3700.0	0.007204759066059831
3704.0	0.007096691434060993
3708.0	0.007029216975271795
3712.0	0.006987218557289034
3716.0	0.006951477992499079
3720.0	0.006903146847822682
3725.0	0.006826809081686212
3729.0	0.006711311409961705
3733.0	0.006550215646774642
3738.0	0.006343269567685687
3742.0	0.006097932483915241
3747.0	0.005829350015638832
3751.0	0.0055584314745844845
3756.0	0.005308653464074702
3760.0	0.005102433628728805
3765.0	0.004957782943644168
3769.0	0.004885619652408565
3774.0	0.004888514810332505
3779.0	0.004961220250419799
3783.0	0.005091606845410839
3788.0	0.005261507133174152
3793.0	0.005448866684952046
3797.0	0.005630708429764443
3802.0	0.005785040578816105
3807.0	0.00589257326688943
3812.0	0.005939322869695903
3817.0	0.0059185784424993
3822.0	0.005831870453907997
3827.0	0.005689726736402028
3832.0	0.00551100640003088
3836.0	0.0053202261598725474
3841.0	0.005143773724574052
3846.0	0.005005431895603671
3852.0	0.00492270860209614
3857.0	0.004905452995477661
3862.0	0.004956156847260227
3867.0	0.005070932303280132
3872.0	0.005240674488026878
3877.0	0.005452717955629593
3882.0	0.005692807660933602
3887.0	0.005946225025669295
3893.0	0.006198253875982077
3898.0	0.006434513443746658
3903.0	0.006641105850122928
3908.0	0.006804482374378885
3914.0	0.006910953667014128
3919.0	0.006946897703159355
3924.0	0.006900190528337669
3930.0	0.006762095926888698
3935.0	0.006528820939053145
3940.0	0.006202328398357415
3946.0	0.005791480836326196
3951.0	0.0053136137159905
3956.0	0.004794248127490518
3962.0	0.004263484525032361
3967.0	0.0037499463555808565
3973.0	0.0032755017680361188
3978.0	0.002853433895871364
3984.0	0.0024891931655388545
3989.0	0.002181761748186931
3995.0	0.0019248741399159777
4000.0	0.0017085691843809333
4006.0	0.0015215977248418152
4011.0	0.0013537526308698728
4017.0	0.0011970931408795443
4023.0	0.0010462997619426248
4028.0	0.0008986433534554992
4034.0	0.0007536204489819831
4039.0	0.0006120451272223507
4045.0	0.000474863391781524
4051.0	0.0003425841142408434
4056.0	0.00021549249118395832
4062.0	9.39368298122397e-05
4068.0	-2.1506450611959466e-05
4074.0	-0.00012957568063125117
4079.0	-0.00022764862057511837
4085.0	-0.0003116196816719378
4091.0	-0.00037680573285724307
4097.0	-0.0004195005556447317
4102.0	-0.0004382987668720261
4108.0	-0.0004344405736644815
4114.0	-0.0004112391073281495
4120.0	-0.0003731743654259912
4126.0	-0.0003249982562612096
4132.0	-0.0002710802314657175
4137.0	-0.00021506926456566763
4143.0	-0.0001596977243982577
4149.0	-0.00010677788076676688
4155.0	-5.748244996287863e-05
4161.0	-1.2669316634998311e-05
4167.0	2.6938847370719967e-05
4173.0	6.0584583279626544e-05
4179.0	8.714866021914127e-05
4185.0	0.00010481313446009678
4191.0	0.00011090224885728599
4197.0	0.00010173631539126728
4203.0	7.235161241002312e-05
4209.0	1.6259646159767038e-05
4214.0	-7.459527974502243e-05
4220.0	-0.0002096690590315079
4226.0	-0.00039929393187081104
4232.0	-0.0006535732445284874
4238.0	-0.0009809626287334546
4244.0	-0.0013872676295908994
4249.0	-0.001875588611452835
4255.0	-0.002447457051302563
4260.0	-0.0031046490008054977
4264.0	-0.003849727687492106
4269.0	-0.00468377513383329
4273.0	-0.005601724302395614
4278.0	-0.0065864395564894235
4282.0	-0.00760414465580141
4286.0	-0.008605337916094084
4289.0	-0.009532304028500298
4293.0	-0.010330775930066345
4297.0	-0.01096313174028034
4301.0	-0.011418084899068114
4304.0	-0.011710294136580571
4308.0	-0.01187146536332205
4311.0	-0.01194112317019093
4315.0	-0.011959483936485719
4319.0	-0.01196125380157716
4322.0	-0.01197247714371886
4326.0	-0.01201063957312797
4329.0	-0.012085791425586207
4333.0	-0.012203059359201233
4337.0	-0.012365371631062248
4340.0	-0.012573374654507223
4344.0	-0.012823837395039738
4347.0	-0.013108872258072739
4351.0	-0.013417316724728965
4354.0	-0.013737517562953423
4358.0	-0.014057212049521596
4361.0	-0.014360316561266878
4365.0	-0.014623405960790169
4368.0	-0.014813643343796727
4371.0	-0.01488967780605826
4375.0	-0.01480484037950949
4378.0	-0.014512164340567913
4381.0	-0.013971073374646708
4385.0	-0.013153779327233337
4388.0	-0.012049826168561577
4392.0	-0.010668674751908577
4395.0	-0.009039960986043922
4398.0	-0.007212496395526498
4402.0	-0.005253754078967387
4406.0	-0.003246284011063101
4409.0	-0.0012764738660162474
4413.0	0.0005811487764615932
4416.0	0.0022751094231516457
4420.0	0.003778693213163433
4424.0	0.005085193812119732
4428.0	0.006201858062024133
4431.0	0.007144957665669467
4435.0	0.007936319043911691
4439.0	0.00860066657932389
4443.0	0.009162754439892713
4447.0	0.009644603531127833
4451.0	0.010064159637959296
4455.0	0.010435231805654581
4458.0	0.010767258536175809
4462.0	0.011065801405988908
4466.0	0.011336716547506629
4469.0	0.011589816476689954
4473.0	0.011834747591188634
4477.0	0.012074916196214954
4480.0	0.012308450386819271
4484.0	0.012531631526504003
4488.0	0.012738447487138663
4491.0	0.012918534322413154
4495.0	0.01305768359406652
4498.0	0.01314104767275482
4502.0	0.01315476009113914
4506.0	0.013084537424930057
4509.0	0.012915028387131497
4513.0	0.012631707211055044
4516.0	0.012223786184641722
4520.0	0.011687802928026863
4524.0	0.011031979451240863
4527.0	0.010277643663995526
4531.0	0.009456193276442653
4535.0	0.008604848982873656
4538.0	0.007761237991477631
4542.0	0.006955999679770573
4546.0	0.006206986458733363
4550.0	0.005518449553177898
4554.0	0.004884913366758953
4558.0	0.004297253823917371
4562.0	0.0037480366078377378
4566.0	0.00323414823983968
4570.0	0.0027563234280205367
4574.0	0.002317000203141351
4578.0	0.0019186742482335832
4582.0	0.0015631961544720838
4587.0	0.0012514390885438832
4591.0	0.0009832637239829294
4595.0	0.000757531169761533
4599.0	0.0005719573039948126
4604.0	0.00042317450609169173
4608.0	0.00030722370690778076
4612.0	0.00022015900576932785
4617.0	0.00015829694511943081
4621.0	0.00011804378995095015
4626.0	9.570720466392151e-05
4630.0	8.75637595455305e-05
4635.0	9.00050900222469e-05
4639.0	9.951735095211247e-05
4644.0	0.00011247866283759325
4648.0	0.00012487149711067603
4653.0	0.0001319874894220303
4658.0	0.0001281808577986833
4662.0	0.00010665255913187727
4667.0	5.921255318300378e-05
4672.0	-2.3943845120320297e-05
4677.0	-0.00015426034468045806
4682.0	-0.0003443559679369466
4686.0	-0.0006071283132739189
4691.0	-0.0009549472509535462
4695.0	-0.0013990870348813535
4700.0	-0.0019490308267736138
4704.0	-0.0026116712216890927
4708.0	-0.0033904496059286074
4711.0	-0.004283372109461086
4715.0	-0.005278924689201036
4718.0	-0.006351090370714006
4721.0	-0.007456243782194551
4725.0	-0.008535457630485164
4728.0	-0.009526706568848482
4731.0	-0.010386793597773709
4733.0	-0.011110552545750748
4736.0	-0.011731071750669437
4739.0	-0.012301363001977442
4742.0	-0.01287507814642532
4745.0	-0.013497109899821906
4748.0	-0.014198859343476674
4751.0	-0.01499391479905654
4754.0	-0.015877793809797064
4756.0	-0.01683222774554297
4759.0	-0.017828851084241384
4762.0	-0.018829254422498175
4764.0	-0.019783765131132246
4767.0	-0.02063363589072914
4769.0	-0.021318148957200078
4772.0	-0.021782518879933314
4774.0	-0.02198155665683155
4777.0	-0.02187934417592266
4780.0	-0.021449559936969367
4782.0	-0.020680118187752405
4785.0	-0.01958188408735478
4787.0	-0.018196932377428386
4790.0	-0.01659965303505175
4792.0	-0.01488750379402304
4795.0	-0.013165257443671861
4798.0	-0.011529534026239716
4801.0	-0.010056926486225241
4804.0	-0.008795952219763781
4807.0	-0.00776389505753845
4810.0	-0.006949652289498506
4813.0	-0.006321497055259474
4816.0	-0.005837092628739537
4819.0	-0.005452896770035874
4822.0	-0.005130535549645416
4825.0	-0.0048386527600884225
4829.0	-0.004551197481458688
4832.0	-0.004245917566678104
4835.0	-0.0039058436922776905
4839.0	-0.0035224610093941735
4842.0	-0.0030975872137403906
4846.0	-0.002643037443850575
4849.0	-0.0021788189949851
4853.0	-0.0017298515145688469
4857.0	-0.0013212647318462901
4860.0	-0.0009743417114570672
4864.0	-0.0007053381274946228
4868.0	-0.0005267006382198831
4872.0	-0.00044853514636232977
4876.0	-0.0004790386326795035
4880.0	-0.000623598902413963
4884.0	-0.0008827691004612055
4888.0	-0.0012502862223032606
4892.0	-0.0017126952908672324
4896.0	-0.0022508795732483116
4900.0	-0.002842320409646289
4904.0	-0.003463152155024847
4908.0	-0.004090297482141686
4912.0	-0.004703688397059483
4916.0	-0.005287535292478858
4921.0	-0.005830569231434675
4925.0	-0.006325857935625721
4929.0	-0.00677005676913281
4934.0	-0.007162913940538531
4938.0	-0.007507459141432013
4943.0	-0.007809448115034794
4947.0	-0.008076419327297812
4951.0	-0.008317298853811134
4956.0	-0.008541426156283153
4960.0	-0.008757468365945898
4965.0	-0.008973269547262191
4969.0	-0.009195113422837723
4973.0	-0.009426111229642719
4977.0	-0.00966457942952375
4981.0	-0.00990211825205578
4985.0	-0.010123316441093521
4990.0	-0.010308297466863868
4994.0	-0.010434903873422245
4998.0	-0.010480069892087272
5001.0	-0.010423058796276308
5005.0	-0.010249065540700916
5009.0	-0.0099510320364291
5013.0	-0.009531384893857972
5017.0	-0.009003927568208494
5021.0	-0.008392737445059693
5025.0	-0.007727422507260211
5029.0	-0.007038232792263092
5033.0	-0.006353164603811639
5038.0	-0.005695702237533609
5042.0	-0.005082894160103732
5046.0	-0.004526080932780297
5050.0	-0.004034350522874692
5054.0	-0.0036168295498832646
5059.0	-0.0032812383520523136
5063.0	-0.003030649571756944
5067.0	-0.0028615085928466104
5072.0	-0.0027635119279672605
5076.0	-0.002720518405906966
5080.0	-0.002712622310639311
5085.0	-0.002719609973098926
5089.0	-0.0027243475880436145
5094.0	-0.002714553159136936
5098.0	-0.0026834920552685744
5103.0	-0.002630462823926487
5107.0	-0.002560331537607062
5112.0	-0.0024818203947887386
5117.0	-0.002405560854970804
5121.0	-0.0023421657618519632
5126.0	-0.002300247316888268
5131.0	-0.0022851515087512824
5135.0	-0.0022985243525671197
5140.0	-0.0023381856938358603
5145.0	-0.002398725277367518
5150.0	-0.0024728884343652125
5154.0	-0.0025527309426078837
5159.0	-0.0026304367608711394
5164.0	-0.002699049141431389
5169.0	-0.0027525231565538426
5174.0	-0.0027853913327752296
5179.0	-0.0027927410279705166
5184.0	-0.0027702720216902193
5189.0	-0.002714700521110163
5194.0	-0.0026245494019968138
5199.0	-0.0025003983084690897
5204.0	-0.0023448732349499145
5209.0	-0.0021630018748444884
5214.0	-0.0019624039462131835
5219.0	-0.0017528936097208397
5224.0	-0.0015452834889759215
5229.0	-0.001349655971393261
5234.0	-0.0011741716669330738
5239.0	-0.0010247434223743452
5244.0	-0.0009051704769143658
5249.0	-0.0008175288833078597
5255.0	-0.000762599661455932
5260.0	-0.0007401677874732481
5265.0	-0.000749114531002825
5270.0	-0.000787329466671261
5275.0	-0.0008516351257548612
5281.0	-0.0009378076113619335
5286.0	-0.0010408283562492935
5291.0	-0.0011554173642157285
5297.0	-0.0012765938716905267
5302.0	-0.00140006895850219
5307.0	-0.0015224146454345556
5312.0	-0.0016411444237425588
5318.0	-0.0017547617484989144
5323.0	-0.0018627193298898774
5329.0	-0.0019653955460679448
5334.0	-0.0020639011915378615
5339.0	-0.002159592469615338
5345.0	-0.0022535439875089884
5350.0	-0.0023461197625931807
5356.0	-0.002436633388913087
5361.0	-0.002523031130555511
5367.0	-0.002602017582253379
5372.0	-0.002669918327142456
5378.0	-0.00272321995730962
5383.0	-0.0027579550865450262
5389.0	-0.0027689217840290033
5394.0	-0.0027498549216912107
5400.0	-0.0026943714312128064
5405.0	-0.0025973335675143756
5411.0	-0.0024564634109999913
5416.0	-0.002273851284764312
5422.0	-0.0020567498372600825
5427.0	-0.0018167703558369574
5433.0	-0.0015675395392578562
5439.0	-0.0013220013339428807
5444.0	-0.0010904914278677886
5450.0	-0.000880088481993263
5456.0	-0.0006948997911135034
5461.0	-0.0005366358486300155
5467.0	-0.00040518333039452385
5473.0	-0.00029918105391862893
5478.0	-0.00021654690829868653
5484.0	-0.0001548144932408931
5490.0	-0.00011127923413404074
5495.0	-8.303551482975394e-05
5501.0	-6.696978486743244e-05
5507.0	-5.973766674857099e-05
5512.0	-5.771718371506397e-05
5518.0	-5.695209725394564e-05
5524.0	-5.313963333663302e-05
5530.0	-4.1681890037601985e-05
5535.0	-1.7730533103296894e-05
5541.0	2.376590299108409e-05
5547.0	8.787023887531553e-05
5553.0	0.00017923557716730768
5559.0	0.0003014648014739154
5564.0	0.00045631989590083524
5570.0	0.0006429872386056716
5576.0	0.0008576906597273529
5582.0	0.001093851980230021
5588.0	0.0013427855910016046
5593.0	0.001594650773764299
5599.0	0.0018394124202327
5605.0	0.0020676511674523426
5611.0	0.002271055332613967
5617.0	0.0024426997593546013
5623.0	0.0025773117427105355
5629.0	0.0026716445407168428
5635.0	0.002725004319548912
5640.0	0.0027397494521410755
5646.0	0.0027214026673477608
5652.0	0.0026780751876946543
5658.0	0.002619297211325863
5664.0	0.002554770761092303
5670.0	0.0024935914280528686
5676.0	0.002443958760295116
5682.0	0.0024130172646873818
5688.0	0.002406626777665964
5694.0	0.002429029521796587
5700.0	0.0024824094174139126
5706.0	0.002566456448179901
5712.0	0.002678207110796156
5718.0	0.0028122116819944746
5724.0	0.0029608774324634264
5730.0	0.003114966899117566
5736.0	0.003263929093787724
5742.0	0.003395747570912538
5748.0	0.003497082574159793
5754.0	0.0035545759006548336
5760.0	0.0035570709125094745
5766.0	0.0034977831364041054
5772.0	0.0033755845541764886
5778.0	0.0031952208734541882
5784.0	0.0029666060646683554
5790.0	0.002703615295108845
5796.0	0.0024225812909493866
5802.0	0.0021402874497124524
5808.0	0.0018714877065840907
5814.0	0.0016263685917285993
5820.0	0.0014091704412462229
5826.0	0.001219101820758026
5832.0	0.0010529985259255233
5838.0	0.0009079371508682255
5844.0	0.0007826477042359084
5850.0	0.00067796029412665
5857.0	0.000596641258935471
5863.0	0.000542601983493281
5869.0	0.000519763225463072
5875.0	0.0005310923803130195
5881.0	0.0005780902036366912
5887.0	0.0006606588251508689
5893.0	0.0007773289713059123
5899.0	0.0009260213598459711
5905.0	0.0011052322123119528
5912.0	0.001314882127618009
5918.0	0.0015561533513781443
5924.0	0.0018306692343654746
5930.0	0.002139506382581406
5936.0	0.0024819496937532504
5942.0	0.0028542585647457178
5948.0	0.0032490497649885776
5955.0	0.003655408071639326
5961.0	0.004059303968801318
5967.0	0.004444439740146664
5973.0	0.0047942789446478095
5979.0	0.005094484024534637
5985.0	0.005334728928997076
5992.0	0.005510514935782133
5998.0	0.005623829906609456
6004.0	0.005681469419865084
6010.0	0.00569307892463808
6016.0	0.00566877352615991
6022.0	0.005615262199753796
6028.0	0.005533220479044985
6035.0	0.005417696337687363
6041.0	0.005260133333862133
6047.0	0.005050626094379468
6053.0	0.004780834430122258
6059.0	0.004447644909395626
6065.0	0.004055609109437095
6071.0	0.0036168583134203553
6077.0	0.003148950554690884
6083.0	0.002671918910209147
6090.0	0.00220560314563109
6096.0	0.0017674850862603071
6102.0	0.0013710844779872345
6108.0	0.0010251006878077475
6114.0	0.0007334195729391411
6120.0	0.0004957637654655305
6126.0	0.0003085511382489386
6132.0	0.00016575191590311171
6139.0	5.971831237566313e-05
6145.0	-1.8025979061512863e-05
6151.0	-7.609351357541897e-05
6157.0	-0.00012268441864081106
6163.0	-0.00016514394267773064
6169.0	-0.0002095448613681904
6176.0	-0.00026027166735607656
6182.0	-0.0003197092333980329
6188.0	-0.0003882503265718307
6194.0	-0.00046478755286040295
6200.0	-0.0005475486924780384
6207.0	-0.00063484432085433
6213.0	-0.0007254536404213478
6219.0	-0.0008187153567761493
6225.0	-0.0009144671788007215
6231.0	-0.0010129234169454911
6238.0	-0.0011145901516495936
6244.0	-0.0012203270663914923
6250.0	-0.0013314196037122249
6256.0	-0.0014491740822907698
6263.0	-0.0015737747905878998
6269.0	-0.0017029408415996784
6275.0	-0.0018312320175260328
6281.0	-0.0019503164155273702
6288.0	-0.002049998639445881
6294.0	-0.002119842361220691
6300.0	-0.0021512580684240295
6306.0	-0.002139592513492589
6313.0	-0.002085460928797883
6319.0	-0.0019947807641122113
6325.0	-0.0018776044204795866
6331.0	-0.001746055297081403
6338.0	-0.001611734437292463
6344.0	-0.0014834695692747645
6350.0	-0.0013664309120465657
6357.0	-0.0012628697553810188
6363.0	-0.0011735402015109835
6369.0	-0.0010985212737642687
6375.0	-0.001037099165151387
6382.0	-0.000987482339350457
6388.0	-0.0009470309130486586
6394.0	-0.0009126920319707001
6399.0	-0.0008810775298918233
6405.0	-0.0008482214735325015
6410.0	-0.0008093078410120844
6415.0	-0.0007582124376860328
6420.0	-0.0006863962559569797
6424.0	-0.000581032919850168
6429.0	-0.00042292461642248573
6433.0	-0.00018518670977685965
6437.0	0.0001666805018757663
6440.0	0.0006734518380872424
6444.0	0.0013799534583417673
6447.0	0.002332396972288237
6451.0	0.003576038323721763
6454.0	0.0051535842444676355
6456.0	0.007103400948664979
6459.0	0.009456100685549237
6462.0	0.012228879701061415
6464.0	0.015418231803965505
6466.0	0.018993474785974282
6469.0	0.022893082403156136
6471.0	0.02702217516199082
6473.0	0.031246979699279868
6475.0	0.03538358453140373
6476.0	0.039175779608167226
6478.0	0.0422591882816199
6480.0	0.04414872731896992
6481.0	0.04428942347260472
6483.0	0.042160742273841326
6484.0	0.037450341964335686
6485.0	0.03025338329407777
6487.0	0.021122710955915707
6488.0	0.010919970625049593
6490.0	0.0005789171195929624
6491.0	-0.00910197150142696
6493.0	-0.01756888299214981
6494.0	-0.02453299649665088
6496.0	-0.02992419919398086
6498.0	-0.033808899885134615
6500.0	-0.036329644586954576
6502.0	-0.037675820591803515
6503.0	-0.03804328710487766
6505.0	-0.037580601403526294
6507.0	-0.03637833892089242
6509.0	-0.03451807406499309
6511.0	-0.032120157078303124
6513.0	-0.029344400680795007
6514.0	-0.026366204835916264
6516.0	-0.02335768014393563
6518.0	-0.02046488490625745
6520.0	-0.01778195041611078
6523.0	-0.015347351900997041
6525.0	-0.013162680775298915
6527.0	-0.011212240346071793
6529.0	-0.009473734394101431
6532.0	-0.007922823998082418
6534.0	-0.0065369897986461405
6537.0	-0.005301854313904249
6539.0	-0.00421724116882292
6542.0	-0.003297628181454022
6545.0	-0.0025651229090130215
6548.0	-0.0020391573808887153
6550.0	-0.0017296792024555582
6553.0	-0.0016361459955142501
6556.0	-0.0017496991479643501
6559.0	-0.002055737144028436
6562.0	-0.002535932886131926
6565.0	-0.0031698249304667743
6568.0	-0.003935819320457062
6572.0	-0.004811013406495451
6575.0	-0.005769656615627962
6578.0	-0.006780253007754477
6581.0	-0.007801733910797791
6584.0	-0.008778358814377506
6587.0	-0.009632250031932403
6590.0	-0.010259673354931602
6593.0	-0.010541540396702445
6596.0	-0.010366047558397375
6599.0	-0.009652060591224705
6601.0	-0.008369514268787511
6604.0	-0.006556440718516526
6607.0	-0.004319518012787799
6610.0	-0.0018099392669227948
6613.0	0.0008031527099575024
6615.0	0.003349425232235445
6618.0	0.005683374068342152
6621.0	0.007714230889031987
6624.0	0.009409557367820625
6627.0	0.01077083726741598
6630.0	0.011805315862856982
6632.0	0.01251219610415955
6635.0	0.01288339785182405
6638.0	0.012905554417029114
6641.0	0.01256418849468593
6644.0	0.011864248068918351
6647.0	0.010851241228393897
6650.0	0.009608424582338024
6653.0	0.008238823975775833
6656.0	0.006848773786241773
6659.0	0.005535387558396581
6662.0	0.004376285769012426
6666.0	0.003422104463706339
6669.0	0.0026940468331319222
6672.0	0.00218740643054225
6676.0	0.0018790651190851884
6679.0	0.0017359611269691356
6682.0	0.0017220774306942717
6686.0	0.0018032264963898674
6689.0	0.0019505150271315968
6693.0	0.002142611951357724
6697.0	0.002366009427789666
6700.0	0.0026136923126746305
6704.0	0.002883493174597985
6708.0	0.003176223693201381
6711.0	0.0034929818222171807
6715.0	0.0038326315460484235
6719.0	0.0041912373041404025
6723.0	0.00456282173351996
6727.0	0.004939177957560493
6731.0	0.005308660496603364
6735.0	0.005655770284797066
6739.0	0.005961551209599126
6743.0	0.006203401064136283
6747.0	0.006354968991293832
6751.0	0.0063898593191095195
6755.0	0.006290071770209227
6759.0	0.00605179083042701
6764.0	0.005684491232982506
6768.0	0.005209201658685932
6772.0	0.004657844819519482
6776.0	0.004070223255404608
6781.0	0.0034876609564091893
6785.0	0.0029450058810657972
6789.0	0.0024651941330769834
6794.0	0.002058801762676489
6798.0	0.001726236253584407
6802.0	0.0014604054805067612
6807.0	0.0012496774666863931
6811.0	0.0010806731182845335
6816.0	0.0009405834346625375
6820.0	0.0008189354763266168
6825.0	0.0007083848554722094
6829.0	0.0006046694344906334
6834.0	0.0005061483959568928
6839.0	0.0004130854338066462
6843.0	0.00032696727201149
6848.0	0.0002498248590926452
6853.0	0.00018332039911488846
6857.0	0.0001280419883637407
6862.0	8.352380516663481e-05
6867.0	4.8742857804382974e-05
6872.0	2.2521428405602968e-05
6876.0	3.6337689236878605e-06
6881.0	-9.223138730386177e-06
6886.0	-1.744561346144546e-05
6891.0	-2.2464606638610768e-05
